natives_american_ma = {
	graphical_culture = southamericagfx
	color = { 255  255  0 }
	icon = 5
	
	unit = native_indian_archer
	
	provinces = {
		2226 2231 2232 1887 1886 1885 1884 1883 1882 1881 1880 1879 1878 1877 1876 1875 1874 1873 1872 
		1871 1870 1869 1868 1867 1866 1865 1864 1863 1861 1860 1859 1858 1857 1856 1855 1854 1853 1852
		1851 1850 1849 1848 1847 1846 1845 1844 1843 1842 1841 1840 1839 1838 1837 1836 1835 1834 1833 
		1832 1831 1830 1828 1827 1826 1825 1824 1823 1822 1821 1820 1819 1818 1817 1816 1815 1814 1813
		1812 1811 1810 1809 1808 1807 1806 1805 1804 1803 1802 1801 1800 1799 1798 1797 1796 1795 1794 
		1793 1792 1952 878 883 776 620 249 1905 2077 2082 2057 954 1681 867 2154 2155 2156 183 1976 
		2153 1975 2050 2188 2195 550 42 348 2227 2228 2229 2230 2334 2335 193 1950 1951 1953 1954 1955
		1956 1957 1958 1959 1960 1961 1962 1963 1964 1965 1966 1968 1969 1970 1971 1972 1973 1974 2048 
		2049 2051 2052 2053 2054 2055 2056 2111 2112 2113 2114 2115 2116 2117 2118 2119 2120 2121 2122 2123
		2124 2125 2126 2127 2128 2129 2130 2131 2132 2133 2134 2135 2136 2137 2138 2139 2140 2141 2152 
		2157 2158 2159 2160 2161 2162 2163 2164 2165 2167 2168 2169 2170 2171 2172 2173 2174 2175 2176
		2177 2178 2179 2180 2181 2182 2183 2184 2185 2186 2187 2189 2190 2191 2192 2193 2194 2196 2197
		2198 2199 2200 2201 2202 2203 2204 2205 2206 2207 2208 2209 2210 2211 2212 2213 2214 2215 2216 
		2217 2218 2219 179 180 181 182 
	}
}
